# oST version 5.0 parameters


[image]

width
1024

height
1024

[narrow_stereo/left]

camera matrix
1869.793963 0.000000 525.307398
0.000000 1865.028894 517.522257
0.000000 0.000000 1.000000

distortion
-0.126455 0.714209 0.001460 0.001199 0.0000

rectification
1.000000 0.000000 0.000000
0.000000 1.000000 0.000000
0.000000 0.000000 1.000000

projection
1869.793963 0.000000 525.307398 0.000000
0.000000 1865.028894 517.522257 0.000000
0.000000 0.000000 1.000000 0.000000
