# oST version 5.0 parameters


[image]

width
1024

height
1024

[narrow_stereo/left]

camera matrix
1939.488228 0.000000 511.236077
0.000000 1936.199656 549.749572
0.000000 0.000000 1.000000

distortion
-0.101903 0.440637 0.004529 -0.004204 0.0000

rectification
1.000000 0.000000 0.000000
0.000000 1.000000 0.000000
0.000000 0.000000 1.000000

projection
1939.488228 0.000000 511.236077 0.000000
0.000000 1936.199656 549.749572 0.000000
0.000000 0.000000 1.000000 0.000000
