# oST version 5.0 parameters


[image]

width
640

height
480

[narrow_stereo/left]

camera matrix
684.652590 0.000000 314.008638
0.000000 681.047657 148.431166
0.000000 0.000000 1.000000

distortion
0.031886 -0.114468 -0.002828 0.001244 0.0000

rectification
1.000000 0.000000 0.000000
0.000000 1.000000 0.000000
0.000000 0.000000 1.000000

projection
684.652590 0.000000 314.008638 0.000000
0.000000 681.047657 148.431166 0.000000
0.000000 0.000000 1.000000 0.000000

