# oST version 5.0 parameters


[image]

width
640

height
480

[narrow_stereo/left]

camera matrix
683.209183 0.000000 317.727380
0.000000 679.021623 149.219062
0.000000 0.000000 1.000000

distortion
-0.344945 0.155169 0.002984 0.000444 0.0000

rectification
1.000000 0.000000 0.000000
0.000000 1.000000 0.000000
0.000000 0.000000 1.000000

projection
683.209183 0.000000 317.727380 0.000000
0.000000 679.021623 149.219062 0.000000
0.000000 0.000000 1.000000 0.000000

