image_width: 1280
image_height: 1024
camera_name: 00305300013c2f28
camera_matrix:
  rows: 3
  cols: 3
  data: [1879.37, 0, 653.346, 0, 1876.22, 521.015, 0, 0, 1]
distortion_coefficients:
  rows: 1
  cols: 5
  data: [-0.0209289, 0.220868, 6.60939e-05, -0.00039848, 0]
rectification_matrix:
  rows: 3
  cols: 3
  data: [1, 0, 0, 0, 1, 0, 0, 0, 1]
projection_matrix:
  rows: 3
  cols: 4
  data: [1879.37, 0, 653.346, 0, 0, 1876.22, 521.015, 0, 0, 0, 1, 0]