image_width: 1280
image_height: 1024
camera_name: 00305300013c2f28
camera_matrix:
  rows: 3
  cols: 3
  data: [1880.22, 0, 660.536, 0, 1880.23, 513.218, 0, 0, 1]
distortion_coefficients:
  rows: 1
  cols: 5
  data: [-0.0460301, 0.0593705, 0.000513163, 0.00139847, 0]
rectification_matrix:
  rows: 3
  cols: 3
  data: [1, 0, 0, 0, 1, 0, 0, 0, 1]
projection_matrix:
  rows: 3
  cols: 4
  data: [1880.22, 0, 660.536, 0, 0, 1880.23, 513.218, 0, 0, 0, 1, 0]